name: alpr
channels:
  - conda-forge
  - defaults
dependencies:
  - blas=1.0=mkl
  - bzip2=1.0.6=h14c3975_1002
  - ca-certificates=2019.1.23=0
  - cairo=1.14.12=h80bd089_1005
  - certifi=2019.3.9=py27_0
  - dbus=1.13.2=h714fa37_1
  - expat=2.2.5=hf484d3e_1002
  - ffmpeg=4.1=h6dce934_1002
  - fontconfig=2.13.1=he4413a7_1000
  - freetype=2.10.0=he983fc9_0
  - gettext=0.19.8.1=h9745a5d_1001
  - giflib=5.1.7=h516909a_1
  - glib=2.56.2=had28632_1001
  - gmp=6.1.2=hf484d3e_1000
  - gnutls=3.6.5=hd3a4fd2_1002
  - graphite2=1.3.13=hf484d3e_1000
  - gst-plugins-base=1.14.0=hbbd80ab_1
  - gstreamer=1.14.0=hb453b48_1
  - harfbuzz=1.9.0=he243708_1001
  - hdf5=1.10.4=nompi_h11e915b_1105
  - icu=58.2=hf484d3e_1000
  - intel-openmp=2019.1=144
  - jasper=1.900.1=h07fcdf6_1006
  - jpeg=9c=h14c3975_1001
  - lame=3.100=h14c3975_1001
  - libedit=3.1.20181209=hc058e9b_0
  - libffi=3.2.1=hd88cf55_4
  - libgcc-ng=8.2.0=hdf63c60_1
  - libgfortran-ng=7.2.0=hdf63c60_3
  - libiconv=1.15=h14c3975_1004
  - libpng=1.6.36=h84994c4_1000
  - libstdcxx-ng=8.2.0=hdf63c60_1
  - libtiff=4.0.10=h648cc4a_1001
  - libuuid=2.32.1=h14c3975_1000
  - libwebp=1.0.2=h99fbfcb_2
  - libxcb=1.13=h14c3975_1002
  - libxml2=2.9.8=h143f9aa_1005
  - mkl=2019.1=144
  - ncurses=6.1=he6710b0_1
  - nettle=3.4.1=h1bed415_1002
  - numpy=1.14.0=py27ha266831_2
  - openblas=0.3.3=h9ac9557_1001
  - openh264=1.8.0=hdbcaa40_1000
  - openssl=1.1.1b=h7b6447c_1
  - pcre=8.43=he6710b0_0
  - pip=19.0.3=py27_0
  - pixman=0.34.0=h14c3975_1003
  - pthread-stubs=0.4=h14c3975_1001
  - python=2.7.16=h9bab390_0
  - qt=5.6.3=h8bf5577_3
  - readline=7.0=h7b6447c_5
  - setuptools=40.8.0=py27_0
  - sqlite=3.27.2=h7b6447c_0
  - tk=8.6.8=hbc83047_0
  - wheel=0.33.1=py27_0
  - x264=1!152.20180806=h14c3975_0
  - xorg-kbproto=1.0.7=h14c3975_1002
  - xorg-libice=1.0.9=h516909a_1004
  - xorg-libsm=1.2.3=h4937e3b_1000
  - xorg-libx11=1.6.7=h14c3975_1000
  - xorg-libxau=1.0.9=h14c3975_0
  - xorg-libxdmcp=1.1.2=h14c3975_1007
  - xorg-libxext=1.3.3=h516909a_1004
  - xorg-libxrender=0.9.10=h516909a_1002
  - xorg-renderproto=0.11.1=h14c3975_1002
  - xorg-xextproto=7.3.0=h14c3975_1002
  - xorg-xproto=7.0.31=h14c3975_1007
  - xz=5.2.4=h14c3975_4
  - zlib=1.2.11=h7b6447c_3
  - pip:
    - argparse==1.4.0
    - backports-functools-lru-cache==1.5
    - catkin-pkg==0.4.10
    - chardet==3.0.4
    - cycler==0.10.0
    - docutils==0.14
    - gluoncv==0.3.0
    - idna==2.8
    - kiwisolver==1.0.1
    - matplotlib==2.2.4
    - mpmath==1.1.0
    - mxboard==0.1.0
    - mxnet-cu100==1.4.0.post0
    - opencv-python==3.4.4.19
    - pillow==5.4.1
    - protobuf==3.7.0
    - pyparsing==2.3.1
    - python-dateutil==2.8.0
    - python-graphviz==0.8.4
    - pytz==2018.9
    - pyyaml==5.1
    - requests==2.21.0
    - rospkg==1.1.7
    - scipy==1.2.1
    - six==1.12.0
    - subprocess32==3.5.3
    - sympy==1.3
    - tqdm==4.31.1
    - urllib3==1.24.1
prefix: /home/nolan/miniconda3/envs/alpr

